# 15/15 iterations complete ✅ (68704.79s)
# Results saved to runs/tune
# Best fitness=0.57104 observed at iteration 5
# Best fitness metrics are {'metrics/precision(B)': 0.80899, 'metrics/recall(B)': 0.80964, 'metrics/mAP50(B)': 0.85493, 'metrics/mAP50-95(B)': 0.4624, 'val/box_loss': 2.19761, 'val/cls_loss': 0.72385, 'val/dfl_loss': 2.28286, 'fitness': 0.57104}
# Best fitness model is runs/test_2024-03-27-1741345
# Best fitness hyperparameters are printed below.

lr0: 0.00965
lrf: 0.01179
momentum: 0.91209
weight_decay: 0.00045
warmup_epochs: 3.3043
warmup_momentum: 0.7891
box: 10.36086
cls: 0.42163
dfl: 1.95078
hsv_h: 0.01547
hsv_s: 0.74745
hsv_v: 0.53788
degrees: 0.0
translate: 0.15482
scale: 0.30537
shear: 0.0
perspective: 0.0
flipud: 0.0
fliplr: 0.56291
bgr: 0.0
mosaic: 1.0
mixup: 0.0
copy_paste: 0.0
